6.473361733371725268e-01,6.467809155407743260e-01
8.830740282075801861e-01,4.040822535700558382e-01
8.958038717494265502e-01,3.130466302664479117e-01
8.986327259369696341e-01,2.905373999296579357e-01
8.962753477916015621e-01,2.808061604015265611e-01
9.024045317030244817e-01,2.690206003388085354e-01
9.052333859537975425e-01,2.581070092489581858e-01
9.019330560894071036e-01,2.477178162908754977e-01
9.028760076046888905e-01,2.347516276472314534e-01
9.009901048410956514e-01,2.292973954945834170e-01
9.071192888930292852e-01,2.155311712035746785e-01
9.113625699706034977e-01,2.093711765149308679e-01
9.184347054043338066e-01,2.043471492151608948e-01
9.170202781278982140e-01,2.022584100745228319e-01
9.212635594794683636e-01,2.055009735202814602e-01
9.278642190466619422e-01,1.966003040492864951e-01
9.236209380744707653e-01,1.965729111633432447e-01
9.283356947375602797e-01,1.933392695549090434e-01
9.288071705759948227e-01,1.935999889931395990e-01
9.264497920793499652e-01,1.937770919023781568e-01
9.302215976767920225e-01,1.899434380628035046e-01
9.335219274428249170e-01,1.866262187752723289e-01
9.245638893860120833e-01,1.860476864779781747e-01
9.292786463652507045e-01,1.875291274828008170e-01
9.278642191520449778e-01,1.885534299077366860e-01
9.316360248197422811e-01,1.829711532897330406e-01
9.321075005106406186e-01,1.850249221983582271e-01
9.306930732974350029e-01,1.811804998853102922e-01
9.316360248197422811e-01,1.810311194081588304e-01
9.330504518924372936e-01,1.791683105125721209e-01
9.339934032742339687e-01,1.776845707891369364e-01
9.288071706743523670e-01,1.795784942878217993e-01
9.339934032039786116e-01,1.753439185987211435e-01
9.316360247143592455e-01,1.777697814508169549e-01
9.325789760610282420e-01,1.770480953250036515e-01
9.330504516816712224e-01,1.767104251559635797e-01
9.349363545155199295e-01,1.741510839748184325e-01
9.339934032742339687e-01,1.786616540023023281e-01
9.325789761312835990e-01,1.728802156199484574e-01
9.368222572088579225e-01,1.710436976464699832e-01
9.335219273725695599e-01,1.730291308902769665e-01
9.387081601129618758e-01,1.706923178903396732e-01
9.354078302064182671e-01,1.701313541942609253e-01
9.339934032461317814e-01,1.717374568766897314e-01
9.363507815882149421e-01,1.704205591982438650e-01
9.354078302766736241e-01,1.720021095397789579e-01
9.368222573212664495e-01,1.724498241714771396e-01
9.377652088014205578e-01,1.687652727651362816e-01
9.354078303469289812e-01,1.698508244701597558e-01
9.377652087311652007e-01,1.655724208041470524e-01
9.368222572088579225e-01,1.684049642554807935e-01
9.363507817287256563e-01,1.665544989237799922e-01
9.354078302766736241e-01,1.691578971129832909e-01
9.372937330121647870e-01,1.685735352935848197e-01
9.382366844220635382e-01,1.677829166815011652e-01
9.372937331105223313e-01,1.682129766201913845e-01
9.358793058973166046e-01,1.636693559104874518e-01
9.363507816584702992e-01,1.642596741783916015e-01
9.368222574196239938e-01,1.679886537784063272e-01
9.372937330402669742e-01,1.661062511503046679e-01
9.391796358741155704e-01,1.604357241863232919e-01
9.354078303469289812e-01,1.648823156419795544e-01
9.368222574196239938e-01,1.693361353916008616e-01
9.391796358741155704e-01,1.644930342203098361e-01
9.358793060378273188e-01,1.686122217497716680e-01
9.354078302485714369e-01,1.677105439267437825e-01
9.349363546279284565e-01,1.674854458001903690e-01
9.401225872559122454e-01,1.618075270553939182e-01
9.372937331105223313e-01,1.616257684779973114e-01
9.368222573493686367e-01,1.682262585635829755e-01
9.354078303469289812e-01,1.619099202166930096e-01
9.363507816584702992e-01,1.625056902600038600e-01
9.354078302766736241e-01,1.675583763429627226e-01
9.391796358741155704e-01,1.654374438653252732e-01
9.391796356633494991e-01,1.636445628152435605e-01
9.372937330402669742e-01,1.652489572937764217e-01
9.368222573493686367e-01,1.642468090264415648e-01
9.372937330402669742e-01,1.588548324793183641e-01
9.405940628765552258e-01,1.607415185322899898e-01
9.415370143286072580e-01,1.630343335332899435e-01
9.410655384971982063e-01,1.586505520130731262e-01
9.363507814477042279e-01,1.635074485716871417e-01
9.387081601832172328e-01,1.605990910472305244e-01
9.405940628765552258e-01,1.588786986774164689e-01
9.368222572510110924e-01,1.619337240742490525e-01
9.405940629468105829e-01,1.608451026451643562e-01
9.420084898438672028e-01,1.565744761788237516e-01
9.391796357336048562e-01,1.614828730521935263e-01
9.387081600427065187e-01,1.552707010167459767e-01
9.363507816584702992e-01,1.598483011827315503e-01
9.372937331105223313e-01,1.594644280280944348e-01
9.363507816584702992e-01,1.591306032085126332e-01
9.391796358038602133e-01,1.603641810136259283e-01
9.387081600427065187e-01,1.593030034241700033e-01
9.415370143286072580e-01,1.566608715137200736e-01
9.382366844220635382e-01,1.586757716659117634e-01
9.387081601129618758e-01,1.623225325260984064e-01
9.429514413310469134e-01,1.590509070555527205e-01
9.415370143286072580e-01,1.561908306488534459e-01
9.405940628414275473e-01,1.547995176970280717e-01
9.391796358741155704e-01,1.590230641054505012e-01
9.396511115650139079e-01,1.573182972067267149e-01
9.405940628062998687e-01,1.577243665898484803e-01
9.368222573493686367e-01,1.569541027152077384e-01
9.401225871856568883e-01,1.563642051350632722e-01
9.358793060378273188e-01,1.569585281302155744e-01
9.401225872559122454e-01,1.585371868945271712e-01
9.368222574196239938e-01,1.552706741927018519e-01
9.387081601832172328e-01,1.576208603921408213e-01
9.405940628765552258e-01,1.564703098630452760e-01
9.429514413310469134e-01,1.559719236882997073e-01
9.349363545155199295e-01,1.573443683742500321e-01
9.405940629468105829e-01,1.533239600670167069e-01
9.396511114947585508e-01,1.572676756775348295e-01
9.391796358741155704e-01,1.548364170875711210e-01
9.410655385674535633e-01,1.545660130975777535e-01
9.372937328997562600e-01,1.583381585977911843e-01
9.401225871856568883e-01,1.532374344132085286e-01
9.391796357336048562e-01,1.536164768114826606e-01
9.401225871575547011e-01,1.560318920645425433e-01
9.391796357336048562e-01,1.528021886557049125e-01
9.387081601832172328e-01,1.558493706947680080e-01
9.401225871856568883e-01,1.540609166498253246e-01
9.396511114245031937e-01,1.541489058187146266e-01
9.396511114947585508e-01,1.556043542005149938e-01
9.372937329700116171e-01,1.554875249323689479e-01
9.420084900195055955e-01,1.543498065769198235e-01
9.410655386377089204e-01,1.507500849983873237e-01
9.453088197855384900e-01,1.492284917842793546e-01
9.391796358741155704e-01,1.548724086087535923e-01
9.391796358038602133e-01,1.544562007903434453e-01
9.434229170922006080e-01,1.491741243945693685e-01
9.358793060097251315e-01,1.600092321232300108e-01
9.387081601551151566e-01,1.532347776945935103e-01
9.387081601832172328e-01,1.543915129145049803e-01
9.410655385674535633e-01,1.534555214647122801e-01
9.372937329700116171e-01,1.532192288518991752e-01
9.420084898789948813e-01,1.516561857385157752e-01
9.344648788948769491e-01,1.518893311584420258e-01
9.372937330402669742e-01,1.545702823776293477e-01
9.401225872559122454e-01,1.502808918028223362e-01
9.349363545155199295e-01,1.548568087217004063e-01
9.372937330402669742e-01,1.540415036310483488e-01
9.391796358038602133e-01,1.543498755601058758e-01
9.410655384971982063e-01,1.520623770891084969e-01
9.358793060097251315e-01,1.484720031742905733e-01
9.387081601129618758e-01,1.512791449379725650e-01
9.387081600427065187e-01,1.517164970246239752e-01
9.401225872559122454e-01,1.506154499332192642e-01
9.391796358741155704e-01,1.506989212848952042e-01
9.443658684739971720e-01,1.514881340602833582e-01
9.415370142583519009e-01,1.519991286618846693e-01
9.391796358741155704e-01,1.508520685103605652e-01
9.387081600848597995e-01,1.508357463418148192e-01
9.339934030634678974e-01,1.567794942768630517e-01
9.434229170219452509e-01,1.478665431474898984e-01
9.387081601129618758e-01,1.513541475028297445e-01
9.434229169516898938e-01,1.478718107868993992e-01
9.424799657104039330e-01,1.507561087855548432e-01
9.382366843518081811e-01,1.520992776784933498e-01
9.377652087311652007e-01,1.521314888686962075e-01
9.387081601832172328e-01,1.512128580910474529e-01
9.410655385393513761e-01,1.512931067117159190e-01
9.368222572791132796e-01,1.530372708838170503e-01
9.391796358038602133e-01,1.512436475431329641e-01
9.410655386377089204e-01,1.471503501620103349e-01
9.410655386377089204e-01,1.473468498764616830e-01
9.424799654996378617e-01,1.501008758846343605e-01
9.363507815179595850e-01,1.510366670517729604e-01
9.410655386377089204e-01,1.475239496602150369e-01
9.438943925723327633e-01,1.491912625366027256e-01
9.372937329700116171e-01,1.511648753152976810e-01
9.415370143286072580e-01,1.490633939558623500e-01
9.391796358038602133e-01,1.546657440813656859e-01
9.401225871154015312e-01,1.490631038163872379e-01
9.396511114947585508e-01,1.501618551887538566e-01
9.410655384971982063e-01,1.471739630102900376e-01
9.363507816584702992e-01,1.482135447074572621e-01
9.410655384971982063e-01,1.515754498013890950e-01
9.405940628765552258e-01,1.486291190988495159e-01
9.372937331105223313e-01,1.482218918713307521e-01
9.344648787894939135e-01,1.517711335174890541e-01
9.382366844923188953e-01,1.497855291696144897e-01
9.372937329700116171e-01,1.482360988196937401e-01
9.405940628765552258e-01,1.454809145043717833e-01
9.391796358741155704e-01,1.493145879857524783e-01
9.415370143286072580e-01,1.478194668785858257e-01
9.368222572791132796e-01,1.514610023636683567e-01
9.420084900195055955e-01,1.462953255238702566e-01
9.401225871856568883e-01,1.467892100623089113e-01
9.372937331105223313e-01,1.486012003678066073e-01
9.424799657104039330e-01,1.471721334951520965e-01
9.363507815882149421e-01,1.482278768519639522e-01
9.401225872559122454e-01,1.447962291995594786e-01
9.391796357757581371e-01,1.476982175620630278e-01
9.382366844923188953e-01,1.492233965034345800e-01
9.382366844923188953e-01,1.481760878659054148e-01
9.377652087311652007e-01,1.493413732795484672e-01
9.372937331105223313e-01,1.456895299545212241e-01
9.391796358741155704e-01,1.473813295475910334e-01
9.410655385674535633e-01,1.480782816219150255e-01
9.387081600427065187e-01,1.500789544934043318e-01
9.372937330121647870e-01,1.474898826457798906e-01
9.410655386377089204e-01,1.461383529137626758e-01
9.424799656401485759e-01,1.452480407433038856e-01
9.387081600427065187e-01,1.471129212616725523e-01
9.405940628765552258e-01,1.485150878812515340e-01
9.420084899492502384e-01,1.452274924028995884e-01
9.420084899492502384e-01,1.426755390211216223e-01
9.410655386377089204e-01,1.473361742967069510e-01
9.396511114947585508e-01,1.478384569062702603e-01
9.363507817287256563e-01,1.529900119567482175e-01
9.434229170922006080e-01,1.450113792357485831e-01
9.377652088014205578e-01,1.453470977570796574e-01
9.415370143005050707e-01,1.447362706915048258e-01
9.405940628414275473e-01,1.480471751036167294e-01
9.415370142583519009e-01,1.454904689847630883e-01
9.415370142583519009e-01,1.447142667352188661e-01
9.396511114245031937e-01,1.434471283220185023e-01
9.462517711673351650e-01,1.437603733921390681e-01
9.387081600427065187e-01,1.470279116532600683e-01
9.401225871154015312e-01,1.445675702899069104e-01
9.387081601832172328e-01,1.468942985533596701e-01
9.424799656401485759e-01,1.437184100921831409e-01
9.424799657104039330e-01,1.426716203577010622e-01
9.415370143286072580e-01,1.445823876394239094e-01
9.424799655698932188e-01,1.454714163347879119e-01
9.401225871856568883e-01,1.438026996949649805e-01
9.434229170922006080e-01,1.399690509404511174e-01
9.415370143286072580e-01,1.445282617601873765e-01
9.429514413310469134e-01,1.378781222449619870e-01
9.391796358741155704e-01,1.421021268829722739e-01
9.382366843518081811e-01,1.411989711869186537e-01
9.453088197574364138e-01,1.410103403546666134e-01
9.448373440946401525e-01,1.439348014161817846e-01
9.438943927128434774e-01,1.454299122268770394e-01
9.476661983102855347e-01,1.382925812450739589e-01
9.443658684037418150e-01,1.423796939169386377e-01
9.457802954061814704e-01,1.382457095517213019e-01
9.448373441648955096e-01,1.373153738847651406e-01
9.434229170922006080e-01,1.389253628432517151e-01
9.453088197855384900e-01,1.385604635074551283e-01
9.438943927128434774e-01,1.359920345328244073e-01
9.434229170922006080e-01,1.416954312504052627e-01
9.429514413310469134e-01,1.427989236564576880e-01
9.391796356633494991e-01,1.426141369605515019e-01
9.448373441648955096e-01,1.391727377741585614e-01
9.396511115650139079e-01,1.392896413251047127e-01
9.396511114245031937e-01,1.386146622266223316e-01
9.467232468582335025e-01,1.335455609641605645e-01
9.415370142583519009e-01,1.367478439354288255e-01
9.420084900195055955e-01,1.370652962509715800e-01
9.462517712375905221e-01,1.388362673961349714e-01
9.438943926425881203e-01,1.377477257533147315e-01
9.443658684037418150e-01,1.377692499439878981e-01
9.420084898087395242e-01,1.368583709464705200e-01
9.438943926425881203e-01,1.357539579046574962e-01
9.471947226193871971e-01,1.330346472391813473e-01
9.467232468301313153e-01,1.340625590605477868e-01
9.443658684458950958e-01,1.348197052320259104e-01
9.448373441648955096e-01,1.365845036144980318e-01
9.476661982400301776e-01,1.336562539391985271e-01
9.490806253829805472e-01,1.344379020378905498e-01
9.448373441648955096e-01,1.357844994747673117e-01
9.424799656401485759e-01,1.331042931062766110e-01
9.434229170219452509e-01,1.346626630261933966e-01
9.391796358741155704e-01,1.359027792187100236e-01
9.467232469284888596e-01,1.305232808536007649e-01
9.481376739309285151e-01,1.317863136909383781e-01
9.481376740011838722e-01,1.318856177034619659e-01
9.467232467879781455e-01,1.287989609206041663e-01
9.462517712375905221e-01,1.345450141112474185e-01
9.448373440946401525e-01,1.322983353579208765e-01
9.467232469284888596e-01,1.330112872102508781e-01
9.476661982821833474e-01,1.327127084568079651e-01
9.471947226193871971e-01,1.328590143279742009e-01
9.481376740011838722e-01,1.264667607921431125e-01
9.457802954061814704e-01,1.335501981136651972e-01
9.490806253829805472e-01,1.264120340556958433e-01
9.462517712375905221e-01,1.293058580425179294e-01
9.453088197855384900e-01,1.311400710676547676e-01
9.467232468582335025e-01,1.287363957839182393e-01
9.490806253127251901e-01,1.293664194543273915e-01
9.438943927830988345e-01,1.299542582344451747e-01
9.462517710970798079e-01,1.289338204497164075e-01
9.504950523854200917e-01,1.277121357906382260e-01
9.490806252424698330e-01,1.295646914606471967e-01
9.453088197855384900e-01,1.306460841326921307e-01
9.490806253829805472e-01,1.322073519899180927e-01
9.462517712375905221e-01,1.332914060490670849e-01
9.462517712375905221e-01,1.296069785747949454e-01
9.415370141599943565e-01,1.291043938201589247e-01
9.481376739309285151e-01,1.281780828174049203e-01
9.467232469284888596e-01,1.314448568087821234e-01
9.486091496920822097e-01,1.270851049289451473e-01
9.476661983102855347e-01,1.307479745608731148e-01
9.457802954764368275e-01,1.316088130508247800e-01
9.486091496218268526e-01,1.274854127481888921e-01
9.448373441648955096e-01,1.277213316071139082e-01
9.462517712375905221e-01,1.305712266815644007e-01
9.481376740011838722e-01,1.283651389261639131e-01
9.467232468582335025e-01,1.309832882495945705e-01
9.471947226193871971e-01,1.274679300788527092e-01
9.471947226193871971e-01,1.252024631716424363e-01
9.490806253829805472e-01,1.264003750578118757e-01
9.462517712375905221e-01,1.304323484637905928e-01
9.443658684739971720e-01,1.309110258094692281e-01
9.533239065308101168e-01,1.265315214874669081e-01
9.467232469284888596e-01,1.280149503797355925e-01
9.495521010036234166e-01,1.282046599355221028e-01
9.486091496218268526e-01,1.247372315896095735e-01
9.467232468582335025e-01,1.262270084873499676e-01
9.481376740011838722e-01,1.259138424910880572e-01
9.438943927830988345e-01,1.285136069429319017e-01
9.457802954764368275e-01,1.244763731418040420e-01
9.500235767647771112e-01,1.261821102628898073e-01
9.504950524556754488e-01,1.260186813245138815e-01
9.500235767647771112e-01,1.288985307647845246e-01
9.500235766945217541e-01,1.269278308350982876e-01
9.471947224086211259e-01,1.288702142382508742e-01
9.476661983102855347e-01,1.261585929208948464e-01
9.467232469284888596e-01,1.254307580604495653e-01
9.471947224507742957e-01,1.275322975224509325e-01
9.481376739309285151e-01,1.248397607026878187e-01
9.481376739309285151e-01,1.257296976990025517e-01
9.462517712375905221e-01,1.265815577106633727e-01
9.481376740011838722e-01,1.252507385905926030e-01
9.457802954061814704e-01,1.276009427250990036e-01
9.448373441648955096e-01,1.291306759778564628e-01
9.500235765891387185e-01,1.244381002571267186e-01
9.429514414013022705e-01,1.276667041829118721e-01
9.490806253127251901e-01,1.256235961516671829e-01
9.481376740011838722e-01,1.227054211952341989e-01
9.481376740011838722e-01,1.242002032438189046e-01
9.471947226193871971e-01,1.267210668948161034e-01
9.495521010738787737e-01,1.227026421555936220e-01
9.509665281465737863e-01,1.252048927714669302e-01
9.504950523573180154e-01,1.197054554984493396e-01
9.500235767647771112e-01,1.259147004965444350e-01
9.504950524556754488e-01,1.269587154831923470e-01
9.509665281465737863e-01,1.231370514585059250e-01
9.504950524556754488e-01,1.232185866295121557e-01
9.476661982400301776e-01,1.234575570270090711e-01
9.471947225491318401e-01,1.231911862363724020e-01
9.490806253127251901e-01,1.221005230788462098e-01
9.504950524556754488e-01,1.231862488138807388e-01
9.481376740011838722e-01,1.251558775864589912e-01
9.490806253829805472e-01,1.227631724003978159e-01
9.481376740011838722e-01,1.223540848630652184e-01
9.495521010036234166e-01,1.213053929206356629e-01
9.500235766664196779e-01,1.238626403636828160e-01
9.467232468582335025e-01,1.276842099503569528e-01
9.509665280482163530e-01,1.239868528442621964e-01
9.523809551138857632e-01,1.209361708092679538e-01
9.486091496920822097e-01,1.228967854112166247e-01
9.504950523854200917e-01,1.213056035560478030e-01
9.519094795283704613e-01,1.207584217073284366e-01
9.537953822919638114e-01,1.234758604528230497e-01
9.509665281465737863e-01,1.236679801338790019e-01
9.481376740011838722e-01,1.219833475384024257e-01
9.514380038374721238e-01,1.283427728242605426e-01
9.467232468582335025e-01,1.216702565625121107e-01
9.481376738255454795e-01,1.229579096237058827e-01
9.486091496920822097e-01,1.249730773197679362e-01
9.509665281465737863e-01,1.216567000477111055e-01
9.528524308820649491e-01,1.199434887198380095e-01
9.457802955466921846e-01,1.249768698643120152e-01
9.519094793878597471e-01,1.203233922125538091e-01
9.504950524556754488e-01,1.207672759172305071e-01
9.486091496920822097e-01,1.259010528477294277e-01
9.495521010036234166e-01,1.207620354951578906e-01
9.453088198557938471e-01,1.263981969566422559e-01
9.462517711673351650e-01,1.232870513867785067e-01
9.490806253829805472e-01,1.237592345596451870e-01
9.500235767647771112e-01,1.201095051119628332e-01
9.533239066010654739e-01,1.197058338169150887e-01
9.504950524556754488e-01,1.168468310208995581e-01
9.490806253127251901e-01,1.176105571134307415e-01
9.490806253829805472e-01,1.220694321557380391e-01
9.514380038093700476e-01,1.195291723658733346e-01
9.481376740011838722e-01,1.221662291485843960e-01
9.462517712375905221e-01,1.194201875830403770e-01
9.542668579126067918e-01,1.167943307707057232e-01
9.453088198557938471e-01,1.231955225252972796e-01
9.533239064605547597e-01,1.166189798831901020e-01
9.552098092944034669e-01,1.163672128429490971e-01
9.471947226193871971e-01,1.189872818702986806e-01
9.509665281465737863e-01,1.204235976868496677e-01
9.523809552192687988e-01,1.120820588299206305e-01
9.509665281465737863e-01,1.155619155899539757e-01
9.495521010738787737e-01,1.166311201114149931e-01
9.570957121282520630e-01,1.119333208577259764e-01
9.476661983102855347e-01,1.174063783265765631e-01
9.462517710970798079e-01,1.144983700005052646e-01
9.490806253829805472e-01,1.154603381103426335e-01
9.519094795283704613e-01,1.109253925802418800e-01
9.537953822919638114e-01,1.154017257143283154e-01
9.537953822919638114e-01,1.063704048839403393e-01
9.519094795002682741e-01,1.106994568005640889e-01
9.495521010457766975e-01,1.100425961316409129e-01
9.500235767647771112e-01,1.095364425952167209e-01
9.537953822919638114e-01,1.080181501319593257e-01
9.537953822919638114e-01,1.078617136221066558e-01
9.523809551490134417e-01,1.064159870585840578e-01
9.537953822919638114e-01,1.073145880023719384e-01
9.523809551490134417e-01,1.039363393896756138e-01
9.495521010738787737e-01,1.071834300809301893e-01
9.537953822919638114e-01,1.062294634084648831e-01
9.556812850555570504e-01,1.055745477839881291e-01
9.519094795283704613e-01,1.040659184030533618e-01
9.523809552192687988e-01,1.036395673206506191e-01
9.547383336737604864e-01,1.062609189816601657e-01
9.561527606059446738e-01,1.044547092003764444e-01
9.519094795283704613e-01,1.046500668106117860e-01
9.537953821514530972e-01,1.032375711804801866e-01
9.537953822217084543e-01,1.046144702031708701e-01
9.552098093646588239e-01,1.003692016148057531e-01
9.542668579828621489e-01,1.015843015645440939e-01
9.537953822919638114e-01,1.010740100456359314e-01
9.490806253127251901e-01,1.058691737396906668e-01
9.533239066010654739e-01,9.981653773854465284e-02
9.542668579828621489e-01,1.001647373747969472e-01
9.519094794581151042e-01,1.032674341096291581e-01
9.547383336737604864e-01,1.016957421017512520e-01
9.580386635100487380e-01,9.731446040106327133e-02
9.552098093646588239e-01,9.965343710246345188e-02
9.566242362968430113e-01,9.826195192956523050e-02
9.556812850555570504e-01,1.028656396951503071e-01
9.542668579828621489e-01,1.023230381131884636e-01
9.537953822919638114e-01,1.062409471659182536e-01
9.570957121282520630e-01,9.909160740552570845e-02
9.552098092944034669e-01,1.001933250457399949e-01
9.504950522449093775e-01,1.030378412940150951e-01
9.528524308820649491e-01,1.014272172536745120e-01
9.542668579828621489e-01,1.060297036802994169e-01
9.566242364373537255e-01,9.719179845583970911e-02
9.566242364373537255e-01,1.004312879384701845e-01
9.575671878191504005e-01,9.765737691383892527e-02
9.528524309101671363e-01,1.006184788632214222e-01
9.547383336737604864e-01,9.885137710426147861e-02
9.547383336035051293e-01,1.021483384338378736e-01
9.566242363670983684e-01,1.007640545345572375e-01
9.566242364373537255e-01,9.498813664746885710e-02
9.504950524556754488e-01,9.695890992672531739e-02
9.542668579547599617e-01,9.739326426583942709e-02
9.556812849853016933e-01,9.806382802603158533e-02
9.514380038374721238e-01,9.687669188355733929e-02
9.528524309101671363e-01,1.007719263066941678e-01
9.547383334629944152e-01,9.895657451182493514e-02
9.561527607464553880e-01,9.817150255945326920e-02
9.547383336737604864e-01,1.039356973680880258e-01
9.561527606762000309e-01,9.479751386537482727e-02
9.580386635100487380e-01,9.683582820450944983e-02
9.566242363670983684e-01,9.969601464358780751e-02
9.552098093646588239e-01,9.787473119282232015e-02
9.556812850555570504e-01,9.801246434725573164e-02
9.514380038374721238e-01,9.691771322160873392e-02
9.556812850555570504e-01,9.866787955343127303e-02
9.566242363670983684e-01,9.679339268062688018e-02
9.547383335332497722e-01,9.604439889698850041e-02
9.589816148215900560e-01,9.587043023716447510e-02
9.566242364373537255e-01,9.945140424387335920e-02
9.580386635100487380e-01,9.898717540039186913e-02
9.603960419645404256e-01,9.675335215085544005e-02
9.608675175851834060e-01,9.573323625351042032e-02
9.519094795283704613e-01,1.003934669734753982e-01
9.542668579828621489e-01,1.017944537909630798e-01
9.561527606762000309e-01,9.960679362533597647e-02
9.552098092944034669e-01,9.748633395662449630e-02
9.552098093646588239e-01,9.858127973869959537e-02
9.570957121282520630e-01,9.439317022046245231e-02
9.556812850555570504e-01,9.644031825972726457e-02
9.613389933463369896e-01,9.193901814270788453e-02
9.561527606762000309e-01,9.627777702433022722e-02
9.547383336737604864e-01,9.596548453090961162e-02
9.552098092944034669e-01,1.014831409006823476e-01
9.585101392009470755e-01,9.449435635236790032e-02
9.580386635100487380e-01,9.750285400078249898e-02
9.537953822217084543e-01,9.794355253972687747e-02
9.556812850555570504e-01,9.330253284488211618e-02
9.580386634397933809e-01,9.261428035923588431e-02
9.589816148918454131e-01,9.613680170742566755e-02
9.552098093646588239e-01,9.932394386146617404e-02
9.608675175851834060e-01,9.259853669902011475e-02
9.561527606762000309e-01,9.622406744013034530e-02
9.599245662736420881e-01,9.255118536493973924e-02
9.552098092944034669e-01,1.007997216897277698e-01
9.599245662736420881e-01,9.360085570774638597e-02
9.566242363670983684e-01,9.676421030450962912e-02
9.561527607464553880e-01,9.914426795311359619e-02
9.570957121282520630e-01,9.486891605536112992e-02
9.589816148215900560e-01,9.233153620622704116e-02
9.547383335332497722e-01,9.514371184416202387e-02
9.589816148918454131e-01,9.579439100450763689e-02
9.556812850555570504e-01,9.881867122049634022e-02
9.570957121282520630e-01,9.364128308257917144e-02
9.585101392009470755e-01,9.495393636698512552e-02
9.570957121282520630e-01,9.836618441236710808e-02
9.566242364373537255e-01,9.058566112533698866e-02
9.570957121282520630e-01,9.529627959711123308e-02
9.547383336737604864e-01,9.511604611600363302e-02
9.585101392009470755e-01,9.273886198981287632e-02
9.561527606762000309e-01,9.643117306686042889e-02
9.585101392009470755e-01,9.232319554299200925e-02
9.580386635100487380e-01,9.417126051935956199e-02
9.603960419645404256e-01,9.349663828429002899e-02
9.580386634397933809e-01,9.136582899097903110e-02
9.556812850555570504e-01,9.442279416614414445e-02
9.556812850555570504e-01,9.328775059945759729e-02
9.594530905827437506e-01,9.342737245577185934e-02
9.603960418942850685e-01,9.234021071604421593e-02
9.570957121282520630e-01,9.178036591948546263e-02
9.585101392009470755e-01,9.517571304912354757e-02
9.603960419645404256e-01,9.155227401095973605e-02
9.627534204190320022e-01,8.713787588219681912e-02
9.561527606762000309e-01,9.435894398949203066e-02
9.589816148215900560e-01,9.156091234929186751e-02
9.608675176554387631e-01,9.178509923035804707e-02
9.632248961099303397e-01,9.235746322205616587e-02
9.613389933463369896e-01,9.132478772754104579e-02
9.575671878191504005e-01,9.453174662643053228e-02
9.570957120579967059e-01,9.299232356444599168e-02
9.608675175851834060e-01,8.777624349630905320e-02
9.575671877488950434e-01,9.296358508643869090e-02
9.566242363670983684e-01,9.304453115998866097e-02
9.589816148918454131e-01,9.156884344872270876e-02
9.585101392009470755e-01,9.132566227072419496e-02
9.566242364373537255e-01,9.145224333789428450e-02
9.585101392009470755e-01,9.072204891475066368e-02
9.580386634397933809e-01,9.218405281013325459e-02
9.603960418942850685e-01,9.281993347757343249e-02
9.599245662736420881e-01,9.031218804015017643e-02
9.561527607464553880e-01,8.759075593741534604e-02
9.585101391306917185e-01,8.974280385257224490e-02
9.594530905827437506e-01,9.124418052588435801e-02
9.594530905827437506e-01,9.182133419669831487e-02
9.561527607464553880e-01,8.885848549854986900e-02
9.603960419645404256e-01,8.756484068662616360e-02
9.594530905827437506e-01,8.899752869384794374e-02
9.622819447281336647e-01,9.158648605040980994e-02
9.575671878191504005e-01,8.970042553794581319e-02
9.552098093646588239e-01,9.000971496223969526e-02
9.570957121282520630e-01,9.427906569592087171e-02
9.622819447281336647e-01,8.575208908565273846e-02
9.608675176554387631e-01,8.760203215603176718e-02
9.589816148918454131e-01,9.027046981690919902e-02
9.580386633695380239e-01,8.939862132136817963e-02
9.589816148918454131e-01,8.991179351348078941e-02
9.622819447281336647e-01,8.702560886074493796e-02
9.608675176554387631e-01,8.910276458813981559e-02
9.599245662736420881e-01,8.871106064507862377e-02
9.585101391306917185e-01,9.077597726121969246e-02
9.580386635100487380e-01,9.115731120446324276e-02
9.613389932760816325e-01,8.963030884189410186e-02
9.627534203487766451e-01,8.569718346159048428e-02
9.599245662736420881e-01,8.863664206169925841e-02
9.613389932760816325e-01,8.597619392181678200e-02
9.613389933463369896e-01,9.030898542927520700e-02
9.608675176554387631e-01,8.787454722762533255e-02
9.594530905827437506e-01,8.593813022500651488e-02
9.636963718008286772e-01,8.857684526161904714e-02
9.594530905827437506e-01,9.034732545964026251e-02
9.618104690372353271e-01,8.626063144351482637e-02
9.622819446578783076e-01,8.452296214478018099e-02
9.570957121282520630e-01,8.854972333564774256e-02
9.599245662033867310e-01,9.125272940507407615e-02
9.599245662736420881e-01,8.516788979254925895e-02
9.603960418942850685e-01,8.563223861755805966e-02
9.585101392009470755e-01,9.119942257167673594e-02
9.608675176554387631e-01,8.542454185918152421e-02
9.632248960818282635e-01,8.396139687440749844e-02
9.552098092944034669e-01,9.046549980654289280e-02
9.655822745644220273e-01,8.388219735632349017e-02
9.608675176554387631e-01,8.685449188245220054e-02
9.589816148918454131e-01,9.319074582049549638e-02
9.561527606059446738e-01,8.438199421271876111e-02
9.599245662033867310e-01,8.583439157398443931e-02
9.589816148918454131e-01,8.965362555678217660e-02
9.613389933463369896e-01,8.476455060288713705e-02
9.599245662736420881e-01,9.072455187470598870e-02
9.594530905827437506e-01,8.388986233101301815e-02
9.594530905827437506e-01,8.907765382222250505e-02
9.618104690372353271e-01,8.692002682107254075e-02
9.655822745644220273e-01,8.778642611976929244e-02
9.585101392009470755e-01,8.792985256858475152e-02
9.603960419645404256e-01,8.784184688567683863e-02
9.589816148918454131e-01,8.758960325902630240e-02
9.589816148918454131e-01,9.412433717511242692e-02
9.608675176554387631e-01,8.493193201422678806e-02
9.618104689669799701e-01,8.257935412445199796e-02
9.599245662736420881e-01,8.426263596111384369e-02
9.599245662736420881e-01,8.561189246033532041e-02
9.585101392009470755e-01,8.905347410907506200e-02
9.580386635100487380e-01,8.611540189718319693e-02
9.599245662033867310e-01,8.764253384383190182e-02
9.618104690372353271e-01,8.795110370413995737e-02
9.603960418240297114e-01,8.770985929440605622e-02
9.613389933463369896e-01,8.401570307220933287e-02
9.570957121282520630e-01,8.669104705055559468e-02
9.641678474917270147e-01,8.376211209011570624e-02
